from mysql.mysql_class import *
import numpy as np
import sys

cursor = mysql_connect('catalog','pymorph','pymorph')

a = """|      533 |      534 |  13.52422191060005 |
|     2025 |     2026 | 19.678731317089802 |
|     4877 |     4876 |  9.384986366996396 |
|     4876 |     4877 |  9.384986366996396 |
|     4898 |     4897 | 20.041923493836563 |
|     5901 |     5900 | 15.028443361894757 |
|     5999 |     5998 |   8.10737629516699 |
|     5998 |     5999 |   8.10737629516699 |
|     6057 |     6056 | 15.336010323646468 |
|     8440 |     8441 |  20.24311967873206 |
|     9263 |     9262 |  17.82753579351787 |
|    10187 |    10188 |  9.716224467991044 |
|    13854 |    13853 | 16.676899868998763 |
|    13853 |    13854 | 16.676899868998763 |
|    13971 |    13970 | 19.247295989410652 |
|    14096 |    14095 |  8.017292432132258 |
|    14095 |    14096 |  8.017292432132258 |
|    14668 |    14667 | 10.941261318122596 |
|    14667 |    14668 | 10.941261318122596 |
|    15224 |    15223 |  8.481847976850656 |
|    15223 |    15224 |  8.481847976850656 |
|    16086 |    16085 |  16.15738973895413 |
|    16085 |    16086 |  16.15738973895413 |
|    17094 |    17093 | 22.414622990411193 |
|    17300 |    17299 | 18.211558840333804 |
|    17299 |    17300 | 18.211558840333804 |
|    19604 |    19603 | 17.557313459627174 |
|    21462 |    21463 | 22.234703801167438 |
|    21524 |    21523 | 10.668606312688686 |
|    21523 |    21524 | 10.668606312688686 |
|    23831 |    23830 |  21.41916111452279 |
|    23830 |    23831 |  21.41916111452279 |
|    24723 |    24722 | 14.380276721682117 |
|    24722 |    24723 | 14.380276721682117 |
|    25594 |    25593 |  20.89823495845264 |
|    27725 |    27724 | 19.109166830009784 |
|    27724 |    27725 | 19.109166830009784 |
|    29371 |    29370 | 19.017304195309958 |
|    30664 |    30663 |  14.28428833984646 |
|    30663 |    30664 |  14.28428833984646 |
|    31694 |    31693 | 19.067246759298047 |
|    33450 |    33449 |  9.970763937477926 |
|    33449 |    33450 |  9.970763937477926 |
|    35578 |    35577 |  9.774307120284401 |
|    35577 |    35578 |  9.774307120284401 |
|    35930 |    35929 | 14.449514362939306 |
|    35929 |    35930 | 14.449514362939306 |
|    37894 |    37893 |  9.817629904480121 |
|    37893 |    37894 |  9.817629904480121 |
|    37906 |    37905 |  20.98858531175882 |
|    37923 |    37924 | 19.757956979645865 |
|    38039 |    38038 | 13.908355353274574 |
|    38038 |    38039 | 13.908355353274574 |
|    38853 |    38852 | 19.221018829888887 |
|    39037 |    39036 |  12.89077490632718 |
|    39036 |    39037 |  12.89077490632718 |
|    40046 |    40047 | 14.416136107634486 |
|    41458 |    41457 | 17.571073140785302 |
|    43186 |    43185 |  17.34569796510681 |
|    43487 |    43486 | 13.539130163727455 |
|    43486 |    43487 | 13.539130163727455 |
|    44750 |    44749 |  16.08138580963588 |
|    44749 |    44750 |  16.08138580963588 |
|    45169 |    45168 |  8.782065301299223 |
|    45421 |    45422 | 23.537532165471053 |
|    45493 |    45492 | 18.490704713418985 |
|    45643 |    45642 |  9.838306980714057 |
|    45642 |    45643 |  9.838306980714057 |
|    46337 |    46336 |   17.3541134784436 |
|    48398 |    48397 | 11.615534377469388 |
|    48397 |    48398 | 11.615534377469388 |
|    50116 |    50115 |  19.42101560304012 |
|    50115 |    50116 |  19.42101560304012 |
|    50985 |    50984 |  6.559396051724743 |
|    50984 |    50985 |  6.559396051724743 |
|    50988 |    50987 | 17.125657849049745 |
|    51127 |    51126 |  8.106322362960825 |
|    51679 |    51678 | 21.460164868250544 |
|    52471 |    52470 | 12.290712250681844 |
|    52470 |    52471 | 12.290712250681844 |
|    53138 |    53137 | 18.780835665022746 |
|    53155 |    53154 | 14.848705801240312 |
|    53424 |    53423 |  15.44253446557224 |
|    53423 |    53424 |  15.44253446557224 |
|    53452 |    53451 |  16.47390549348288 |
|    53546 |    53545 | 22.189124138504393 |
|    53972 |    53971 |  8.636418935643489 |
|    53971 |    53972 |  8.636418935643489 |
|    53981 |    53980 |  13.09930100141288 |
|    53980 |    53981 |  13.09930100141288 |
|    54329 |    54328 | 24.886473539455963 |
|    54338 |    54337 |  12.73214147957847 |
|    54337 |    54338 |  12.73214147957847 |
|    55011 |    55010 |  9.781470479523607 |
|    55010 |    55011 |  9.781470479523607 |
|    55371 |    55370 |  16.95780780047105 |
|    55756 |    55755 | 14.061232484444348 |
|    55755 |    55756 | 14.061232484444348 |
|    55825 |    55824 | 11.612179958323912 |
|    55824 |    55825 | 11.612179958323912 |
|    56627 |    56626 | 21.189304783624348 |
|    56949 |    56948 | 16.797797597453926 |
|    56948 |    56949 | 16.797797597453926 |
|    58644 |    58643 |  10.05921074780405 |
|    58643 |    58644 |  10.05921074780405 |
|    60016 |    60015 | 19.471551913280255 |
|    60087 |    60086 | 13.589875676533433 |
|    60239 |    60238 |  11.13093901346516 |
|    60238 |    60239 |  11.13093901346516 |
|    63938 |    63937 |  17.31244224106625 |
|    63937 |    63938 |  17.31244224106625 |
|    65523 |    65522 | 18.857767446661512 |
|    66289 |    66288 | 13.517629021845169 |
|    66288 |    66289 | 13.517629021845169 |
|    68448 |    68447 | 22.094893216194837 |
|    71985 |    71984 |  9.755855163176184 |
|    71984 |    71985 |  9.755855163176184 |
|    72899 |    72898 |  18.37764390913479 |
|    72898 |    72899 |  18.37764390913479 |
|    75008 |    75007 | 15.835216528035186 |
|    75007 |    75008 | 15.835216528035186 |
|    75453 |    75452 |  16.86343431049857 |
|    75505 |    75504 | 10.806664444597068 |
|    75504 |    75505 | 10.806664444597068 |
|    75810 |    75809 | 14.728247806763308 |
|    75809 |    75810 | 14.728247806763308 |
|    75901 |    75900 | 10.452237694202902 |
|    75900 |    75901 | 10.452237694202902 |
|    77107 |    77108 | 12.540278327715919 |
|    77971 |    77970 | 22.796587553155508 |
|    78974 |    78973 |  8.475927203901165 |
|    79076 |    79075 | 12.069363760505212 |
|    80073 |    80072 | 12.990089059515055 |
|    80072 |    80073 | 12.990089059515055 |
|    81200 |    81199 | 14.294746545872702 |
|    81640 |    81639 | 17.947556088038187 |
|    81972 |    81971 | 11.858024457610751 |
|    81971 |    81972 | 11.858024457610751 |
|    82231 |    82230 | 13.462887121460488 |
|    83659 |    83658 | 12.854297744602158 |
|    83658 |    83659 | 12.854297744602158 |
|    85660 |    85661 |  14.44075407836473 |
|    85742 |    85741 | 20.770221270513176 |
|    85833 |    85832 | 14.590021719127977 |
|    86503 |    86502 | 13.670151141342899 |
|    86502 |    86503 | 13.670151141342899 |
|    87419 |    87418 |  21.59492878872453 |
|    87794 |    87793 | 10.600252671628047 |
|    87793 |    87794 | 10.600252671628047 |
|    87798 |    87797 | 14.105370051171837 |
|    88049 |    88048 | 14.225463362292905 |
|    89266 |    89265 | 22.706765564345744 |
|    89726 |    89725 | 19.171917214226667 |
|    89779 |    89778 |  17.51083642703303 |
|    91930 |    91929 | 13.864570445946317 |
|    91929 |    91930 | 13.864570445946317 |
|    92018 |    92017 | 20.237540831452737 |
|    99998 |    99997 | 16.205384229524356 |
|    99997 |    99998 | 16.205384229524356 |
|   101368 |   101367 | 19.649692048657865 |
|   101376 |   101375 |  17.45352733965655 |
|   101375 |   101376 |  17.45352733965655 |
|   101498 |   101497 | 16.965926117705173 |
|   102074 |   102073 | 11.879449598140923 |
|   102073 |   102074 | 11.879449598140923 |
|   103870 |   103869 | 19.750892681231342 |
|   104759 |   104758 |  17.69397393736416 |
|   104758 |   104759 |  17.69397393736416 |
|   104928 |   104927 |  9.594272690343942 |
|   104927 |   104928 |  9.594272690343942 |
|   107126 |   107125 | 18.103907777748287 |
|   107125 |   107126 | 18.103907777748287 |
|   108392 |   108391 | 15.433938245372978 |
|   108391 |   108392 | 15.433938245372978 |
|   108504 |   108505 | 23.774759546442457 |
|   108732 |   108731 |  9.855623462693393 |
|   108731 |   108732 |  9.855623462693393 |
|   108861 |   108862 | 16.543139101027332 |
|   111910 |   111909 | 23.511334743618292 |
|   115328 |   115327 | 14.450873801205226 |
|   115327 |   115328 | 14.450873801205226 |
|   116433 |   116432 |  22.47088124031785 |
|   117424 |   117423 | 11.075054919078974 |
|   117423 |   117424 | 11.075054919078974 |
|   117709 |   117708 | 15.694000049378253 |
|   119686 |   119685 |  12.73527869374165 |
|   119905 |   119904 | 10.724399791124043 |
|   120504 |   120503 |  20.29106468184105 |
|   121378 |   121377 | 10.689427526315448 |
|   121377 |   121378 | 10.689427526315448 |
|   122752 |   122751 |  21.88638026976408 |
|   124047 |   124046 | 21.092752463101043 |
|   124703 |   124702 | 15.703395027477002 |
|   124702 |   124703 | 15.703395027477002 |
|   124731 |   124730 | 22.321139107777206 |
|   124730 |   124731 | 22.321139107777206 |
|   125119 |   125118 | 12.889242842586384 |
|   125118 |   125119 | 12.889242842586384 |
|   125826 |   125825 | 17.754454611292655 |
|   126236 |   126235 | 14.332801083403796 |
|   126235 |   126236 | 14.332801083403796 |
|   131689 |   131688 |  10.85066989690759 |
|   131688 |   131689 |  10.85066989690759 |
|   133156 |   133155 |  8.166762631228163 |
|   133155 |   133156 |  8.166762631228163 |
|   134146 |   134147 |  16.67661787887335 |
|   134156 |   134155 |  8.863708941018732 |
|   134155 |   134156 |  8.863708941018732 |
|   136828 |   136827 |  9.189179757136557 |
|   136827 |   136828 |  9.189179757136557 |
|   137161 |   137160 | 24.889258927623818 |
|   137965 |   137964 |  8.612070442264313 |
|   138234 |   138233 |  13.71678721576814 |
|   138233 |   138234 |  13.71678721576814 |
|   141477 |   141476 | 10.659479744078391 |
|   141476 |   141477 | 10.659479744078391 |
|   141712 |   141711 |  9.088456497594882 |
|   141711 |   141712 |  9.088456497594882 |
|   142560 |   142559 |  8.592464008346099 |
|   142559 |   142560 |  8.592464008346099 |
|   143757 |   143756 | 14.604416869744739 |
|   145362 |   145361 | 13.025462159958371 |
|   145361 |   145362 | 13.025462159958371 |
|   145736 |   145735 |   19.6262198151849 |
|   146880 |   146881 |  19.92994028024677 |
|   148299 |   148298 | 15.818384849117109 |
|   148298 |   148299 | 15.818384849117109 |
|   154593 |   154592 |   12.5965482388644 |
|   154592 |   154593 |   12.5965482388644 |
|   154992 |   154991 | 22.494775078674568 |
|   156814 |   156813 | 20.582493318843262 |
|   156813 |   156814 | 20.582493318843262 |
|   157894 |   157893 | 10.641218707316357 |
|   157893 |   157894 | 10.641218707316357 |
|   160522 |   160521 |  19.17772390381049 |
|   162315 |   162314 |  16.19416718095133 |
|   162375 |   162374 | 18.106644248558787 |
|   162820 |   162821 | 16.584193348929777 |
|   163588 |   163589 | 20.747996580491527 |
|   163601 |   163600 | 12.451250887042747 |
|   163600 |   163601 | 12.451250887042747 |
|   163613 |   163612 |  16.44872080364708 |
|   163612 |   163613 |  16.44872080364708 |
|   164253 |   164252 | 12.136438340881858 |
|   164252 |   164253 | 12.136438340881858 |
|   164397 |   164396 |  13.74711419296551 |
|   164396 |   164397 |  13.74711419296551 |
|   164697 |   164696 | 18.313920938140836 |
|   165912 |   165911 | 19.161728132925063 |
|   166923 |   166922 | 16.321732979967045 |
|   169180 |   169179 |  16.70177655683421 |
|   169179 |   169180 |  16.70177655683421 |
|   169475 |   169474 |  19.86200919295593 |
|   169474 |   169475 |  19.86200919295593 |
|   170289 |   170288 | 19.290420915942164 |
|   171070 |   171069 |  11.30360117914619 |
|   171926 |   171925 |  17.54012024287594 |
|   171925 |   171926 |  17.54012024287594 |
|   173162 |   173161 | 10.468520829019608 |
|   173161 |   173162 | 10.468520829019608 |
|   173370 |   173369 | 16.625786302124887 |
|   175671 |   175670 | 12.276741702003978 |
|   176148 |   176147 | 15.095129021640163 |
|   176147 |   176148 | 15.095129021640163 |
|   179104 |   179103 |  16.33505990326183 |
|   179630 |   179629 | 21.073611857219813 |
|   180332 |   180331 |  8.255215782418887 |
|   180331 |   180332 |  8.255215782418887 |
|   183106 |   183105 |  10.12018964441372 |
|   183105 |   183106 |  10.12018964441372 |
|   184685 |   184684 | 18.981467060108642 |
|   184772 |   184773 | 18.633084914177424 |
|   185282 |   185281 |  15.99297949598913 |
|   186069 |   186068 | 10.103589244959984 |
|   186068 |   186069 | 10.103589244959984 |
|   186808 |   186807 | 13.724812687609322 |
|   187249 |   187248 | 11.320116846330121 |
|   187248 |   187249 | 11.320116846330121 |
|   188253 |   188252 | 11.266794847388073 |
|   188252 |   188253 | 11.266794847388073 |
|   188517 |   188516 | 10.594102371744611 |
|   188605 |   188604 | 15.263272207925421 |
|   188604 |   188605 | 15.263272207925421 |
|   189426 |   189425 | 17.420045787269473 |
|   189425 |   189426 | 17.420045787269473 |
|   189883 |   189882 | 11.628392297723224 |
|   189882 |   189883 | 11.628392297723224 |
|   192034 |   192033 | 16.989953994081944 |
|   192033 |   192034 | 16.989953994081944 |
|   192251 |   192252 | 11.482711242161066 |
|   192282 |   192281 | 21.311317703046925 |
|   192281 |   192282 | 21.311317703046925 |
|   193428 |   193427 | 11.995373863133075 |
|   193427 |   193428 | 11.995373863133075 |
|   193835 |   193834 |  15.59248993759758 |
|   193834 |   193835 |  15.59248993759758 |
|   193912 |   193911 | 12.172148194271106 |
|   193911 |   193912 | 12.172148194271106 |
|   194051 |   194050 | 22.026954851913363 |
|   194612 |   194611 |  8.678105015194237 |
|   194611 |   194612 |  8.678105015194237 |
|   194976 |   194975 |  14.96364826069504 |
|   196864 |   196863 | 11.387490664510285 |
|   196863 |   196864 | 11.387490664510285 |
|   196889 |   196888 |  19.32873077568875 |
|   198096 |   198095 | 12.149926976983531 |
|   198095 |   198096 | 12.149926976983531 |
|   198124 |   198123 | 19.423670288963873 |
|   198130 |   198129 | 11.550149001169897 |
|   199120 |   199121 |  15.66161067412246 |
|   200296 |   200295 | 12.900806010869694 |
|   200295 |   200296 | 12.900806010869694 |
|   200616 |   200615 |  20.83003708575606 |
|   201412 |   201411 |  7.839556871308203 |
|   201411 |   201412 |  7.839556871308203 |
|   201877 |   201876 |  17.22426629452025 |
|   201876 |   201877 |  17.22426629452025 |
|   202189 |   202188 | 16.377478665044233 |
|   203520 |   203519 | 14.276731228800745 |
|   203519 |   203520 | 14.276731228800745 |
|   203792 |   203791 |  21.78872025565379 |
|   203791 |   203792 |  21.78872025565379 |
|   203880 |   203879 | 21.868552007280393 |
|   204192 |   204191 | 19.924528011118724 |
|   204849 |   204848 | 19.137433961249826 |
|   204926 |   204925 | 22.564306689914797 |
|   205109 |   205110 | 21.895793276888863 |
|   205198 |   205197 | 17.986017814264205 |
|   206021 |   206020 | 12.476758477620768 |
|   206020 |   206021 | 12.476758477620768 |
|   207045 |   207044 |  23.52013703620827 |
|   208825 |   208824 | 11.187221441716925 |
|   208824 |   208825 | 11.187221441716925 |
|   208844 |   208843 | 16.183832165902178 |
|   208843 |   208844 | 16.183832165902178 |
|   208846 |   208845 | 22.785160090856362 |
|   208845 |   208846 | 22.785160090856362 |
|   209018 |   209017 | 14.094104325335053 |
|   209017 |   209018 | 14.094104325335053 |
|   209103 |   209104 |  20.97939352647929 |
|   209838 |   209837 | 13.806982410413385 |
|   209837 |   209838 | 13.806982410413385 |
|   211801 |   211800 |  13.24791087697712 |
|   211800 |   211801 |  13.24791087697712 |
|   212418 |   212417 | 10.669078022111828 |
|   212417 |   212418 | 10.669078022111828 |
|   213465 |   213464 | 16.643810350635324 |
|   213464 |   213465 | 16.643810350635324 |
|   213556 |   213557 | 13.162025802645653 |
|   214820 |   214819 | 21.351516780811302 |
|   218153 |   218152 | 16.647658900918113 |
|   218978 |   218979 |  17.06715947772443 |
|   219349 |   219348 |  9.519933435548012 |
|   219348 |   219349 |  9.519933435548012 |
|   220824 |   220825 | 18.427251322873477 |
|   221590 |   221589 |  19.72675647073691 |
|   224903 |   224902 | 15.798285936933596 |
|   225509 |   225510 | 17.434621774432664 |
|   226152 |   226151 | 22.424064306712044 |
|   226151 |   226152 | 22.424064306712044 |
|   229881 |   229880 | 20.466634146358068 |
|   230309 |   230310 | 16.341251084696715 |
|   232896 |   232895 |  9.152212850446217 |
|   232895 |   232896 |  9.152212850446217 |
|   234348 |   234347 | 15.159736000867001 |
|   234398 |   234397 |  15.95610524622535 |
|   236083 |   236082 | 17.798905482464704 |
|   237852 |   237853 | 22.635676311442484 |
|   238299 |   238300 |  19.24789840715012 |
|   239600 |   239599 | 19.658847205994643 |
|   239734 |   239733 | 22.340441751322185 |
|   240509 |   240508 | 20.298865754588043 |
|   240508 |   240509 | 20.298865754588043 |
|   241034 |   241033 | 20.484020048582643 |
|   243222 |   243221 | 11.424196141811546 |
|   243221 |   243222 | 11.424196141811546 |
|   243747 |   243746 | 19.720265293262244 |
|   245185 |   245184 |  8.589449788037014 |
|   245184 |   245185 |  8.589449788037014 |
|   250031 |   250030 | 12.559156493041888 |
|   250030 |   250031 | 12.559156493041888 |
|   250280 |   250279 |    8.0532576731311 |
|   250279 |   250280 |    8.0532576731311 |
|   251261 |   251260 |   16.4575387196018 |
|   251458 |   251457 | 10.628529781360305 |
|   251457 |   251458 | 10.628529781360305 |
|   251938 |   251937 |   9.08733064925436 |
|   251937 |   251938 |   9.08733064925436 |
|   252404 |   252403 | 16.327397610921288 |
|   252860 |   252859 | 18.340211796673028 |
|   253938 |   253937 | 10.834039834793327 |
|   253937 |   253938 | 10.834039834793327 |
|   254161 |   254160 |  9.072129685252946 |
|   254160 |   254161 |  9.072129685252946 |
|   254230 |   254229 | 12.842265619491023 |
|   254229 |   254230 | 12.842265619491023 |
|   254497 |   254496 | 21.478665690250345 |
|   254496 |   254497 | 21.478665690250345 |
|   254956 |   254955 |  21.12260342158155 |
|   254955 |   254956 |  21.12260342158155 |
|   254980 |   254979 | 18.697332739722015 |
|   255473 |   255472 | 16.702531827795283 |
|   256437 |   256436 | 20.121340550017347 |
|   257901 |   257900 |  8.098058607067088 |
|   257900 |   257901 |  8.098058607067088 |
|   261697 |   261696 | 22.260886706740564 |
|   261696 |   261697 | 22.260886706740564 |
|   262053 |   262052 | 19.209832905853975 |
|   262213 |   262212 | 13.789843196759746 |
|   262212 |   262213 | 13.789843196759746 |
|   263553 |   263552 | 13.661710780527748 |
|   263552 |   263553 | 13.661710780527748 |
|   265971 |   265970 | 10.382825370110371 |
|   265970 |   265971 | 10.382825370110371 |
|   266418 |   266417 |  18.31929701611811 |
|   266537 |   266538 | 14.041106815018138 |
|   266933 |   266932 |   17.2877117100964 |
|   266932 |   266933 |   17.2877117100964 |
|   267037 |   267036 | 21.405488305653932 |
|   267423 |   267422 | 10.426022587373726 |
|   267422 |   267423 | 10.426022587373726 |
|   268997 |   268996 |  18.38317498872274 |
|   277943 |   277942 | 11.261027147834215 |
|   277942 |   277943 | 11.261027147834215 |
|   278870 |   278869 | 20.305048506093517 |
|   279480 |   279479 |  22.31369739348317 |
|   279479 |   279480 |  22.31369739348317 |
|   279536 |   279535 | 11.908041593498746 |
|   280066 |   280065 |  7.958054355172648 |
|   280065 |   280066 |  7.958054355172648 |
|   281720 |   281718 |  9.334716088908666 |
|   282374 |   282373 | 20.525088842077142 |
|   282803 |   282802 | 10.827470083233898 |
|   282802 |   282803 | 10.827470083233898 |
|   283164 |   283163 | 21.134599663380975 |
|   283425 |   283424 | 15.595212010346591 |
|   283424 |   283425 | 15.595212010346591 |
|   283552 |   283551 | 10.940067027155433 |
|   283551 |   283552 | 10.940067027155433 |
|   283582 |   283581 | 12.201675173987482 |
|   284205 |   284204 | 21.282550683093945 |
|   284454 |   284453 | 15.430681749773061 |
|   284453 |   284454 | 15.430681749773061 |
|   284810 |   284809 | 21.353672913625648 |
|   285302 |   285301 |  16.29226503290635 |
|   285301 |   285302 |  16.29226503290635 |
|   286689 |   286688 | 13.215257129636631 |
|   287114 |   287113 |  11.68120330954421 |
|   287113 |   287114 |  11.68120330954421 |
|   288470 |   288469 |   9.47674984365452 |
|   288469 |   288470 |   9.47674984365452 |
|   288622 |   288621 | 16.871557653320803 |
|   288621 |   288622 | 16.871557653320803 |
|   288973 |   288972 |  17.66249562121362 |
|   288972 |   288973 |  17.66249562121362 |
|   289717 |   289716 | 17.649008747184972 |
|   289824 |   289823 |  20.68603237930508 |
|   293306 |   293305 | 11.598371060995772 |
|   293305 |   293306 | 11.598371060995772 |
|   294527 |   294526 | 13.403242837094824 |
|   295164 |   295163 | 13.596746684000237 |
|   295163 |   295164 | 13.596746684000237 |
|   295899 |   295898 | 14.486294326450922 |
|   296661 |   296660 | 14.476620591702506 |
|   296660 |   296661 | 14.476620591702506 |
|   297498 |   297497 |  13.98534212231309 |
|   297497 |   297498 |  13.98534212231309 |
|   298173 |   298172 |  17.77588304067196 |
|   298407 |   298406 | 14.311271781361711 |
|   298550 |   298549 | 17.121155685954218 |
|   299124 |   299123 | 19.276729133532292 |
|   299123 |   299124 | 19.276729133532292 |
|   299188 |   299187 | 16.151726641334797 |
|   299794 |   299795 |  21.55448297417597 |
|   300745 |   300744 | 20.249868185370783 |
|   300744 |   300745 | 20.249868185370783 |
|   300913 |   300914 | 14.493012208427732 |
|   301379 |   301378 |  17.97568989801014 |
|   301378 |   301379 |  17.97568989801014 |
|   301391 |   301390 | 12.388398815811625 |
|   303303 |   303302 |  9.307272927118705 |
|   303302 |   303303 |  9.307272927118705 |
|   305650 |   305649 | 20.443634644810192 |
|   306743 |   306742 | 10.831112298882314 |
|   306742 |   306743 | 10.831112298882314 |
|   311983 |   311982 |  9.248081804388804 |
|   311982 |   311983 |  9.248081804388804 |
|   320589 |   320588 | 22.122214973134007 |
|   320709 |   320708 | 11.315995955378527 |
|   321258 |   321257 | 14.682980344297622 |
|   321553 |   321552 |  12.07583597090251 |
|   321552 |   321553 |  12.07583597090251 |
|   322289 |   322288 |  19.05952466546943 |
|   322288 |   322289 |  19.05952466546943 |
|   322472 |   322471 | 21.911596708576372 |
|   322471 |   322472 | 21.911596708576372 |
|   323996 |   323997 |  17.03250244548855 |
|   324599 |   324598 |   8.85082156252715 |
|   324598 |   324599 |   8.85082156252715 |
|   327043 |   327042 | 20.978121432212873 |
|   327156 |   327154 |  18.79109653687035 |
|   327320 |   327319 |  16.53006077619652 |
|   327748 |   327749 | 19.503762990229436 |
|   330109 |   330110 |  16.77646961144253 |
|   330112 |   330111 |  17.07112268024518 |
|   330123 |   330122 | 15.234154181224975 |
|   330255 |   330254 |  9.940304775710539 |
|   330254 |   330255 |  9.940304775710539 |
|   330669 |   330670 | 19.871840114484336 |
|   330757 |   330756 |  18.54019410844883 |
|   330911 |   330912 | 20.404607301433643 |
|   331343 |   331342 |  18.92734504838973 |
|   332084 |   332083 | 16.413800191288342 |
|   332083 |   332084 | 16.413800191288342 |
|   333253 |   333252 | 12.790361097886077 |
|   333314 |   333313 |  5.324056349858179 |
|   333507 |   333506 | 15.641026062544034 |
|   337817 |   337816 |  19.86682575046869 |
|   337816 |   337817 |  19.86682575046869 |
|   339751 |   339750 | 13.259944031836055 |
|   339750 |   339751 | 13.259944031836055 |
|   340273 |   340272 | 17.545764473640265 |
|   340272 |   340273 | 17.545764473640265 |
|   340581 |   340580 |   9.35994723326785 |
|   340580 |   340581 |   9.35994723326785 |
|   340766 |   340765 |  21.19620828848218 |
|   340765 |   340766 |  21.19620828848218 |
|   341089 |   341088 |  9.099943903022101 |
|   341088 |   341089 |  9.099943903022101 |
|   341105 |   341104 | 10.881689869525875 |
|   341104 |   341105 | 10.881689869525875 |
|   341159 |   341158 | 12.069249457366169 |
|   341158 |   341159 | 12.069249457366169 |
|   341244 |   341243 |  6.424856660873016 |
|   341243 |   341244 |  6.424856660873016 |
|   341534 |   341533 | 13.284266778438479 |
|   341533 |   341534 | 13.284266778438479 |
|   342761 |   342760 | 17.480785260451807 |
|   343849 |   343848 |  9.679014708265175 |
|   343848 |   343849 |  9.679014708265175 |
|   343917 |   343916 |  17.00820878331189 |
|   343920 |   343919 | 15.330379299481885 |
|   343919 |   343920 | 15.330379299481885 |
|   347199 |   347198 |  9.842711945326624 |
|   347737 |   347736 | 16.311895849378356 |
|   347919 |   347918 | 11.066511856050528 |
|   347918 |   347919 | 11.066511856050528 |
|   347985 |   347984 | 11.496349787194058 |
|   347984 |   347985 | 11.496349787194058 |
|   348091 |   348092 |  21.70901959648484 |
|   348856 |   348855 | 19.506177041547716 |
|   348966 |   348965 | 18.197653542684314 |
|   349140 |   349139 | 12.098748956998127 |
|   349139 |   349140 | 12.098748956998127 |
|   350171 |   350170 | 10.586858087979797 |
|   350170 |   350171 | 10.586858087979797 |
|   350190 |   350189 | 10.755163413197213 |
|   350189 |   350190 | 10.755163413197213 |
|   354556 |   354555 | 12.165003641377478 |
|   355272 |   355271 |   21.2797675604636 |
|   355466 |   355465 | 19.429529429181184 |
|   355465 |   355466 | 19.429529429181184 |
|   355481 |   355480 |  14.37504999991719 |
|   355480 |   355481 |  14.37504999991719 |
|   355893 |   355892 | 10.274265156656625 |
|   355892 |   355893 | 10.274265156656625 |
|   356931 |   356930 |  8.402960341222768 |
|   356930 |   356931 |  8.402960341222768 |
|   358548 |   358547 | 11.046977999381028 |
|   358963 |   358962 | 14.590869563143238 |
|   361027 |   361026 | 14.863089510382158 |
|   361026 |   361027 | 14.863089510382158 |
|   361032 |   361031 |  8.779017353222603 |
|   361278 |   361277 |  18.46793213244033 |
|   362259 |   362258 | 18.825957621406857 |
|   362352 |   362351 | 13.282951687073849 |
|   362351 |   362352 | 13.282951687073849 |
|   363797 |   363796 | 16.322417129104693 |
|   363934 |   363933 | 21.315961840825498 |
|   364096 |   364095 | 15.628709034818378 |
|   364095 |   364096 | 15.628709034818378 |
|   366019 |   366018 | 14.676060790964046 |
|   366018 |   366019 | 14.676060790964046 |
|   366343 |   366342 | 19.373796586115557 |
|   366393 |   366392 | 14.911150292417467 |
|   370472 |   370471 |  10.08006193857828 |
|   370471 |   370472 |  10.08006193857828 |
|   370608 |   370607 |   13.1487049041876 |
|   370607 |   370608 |   13.1487049041876 |
|   373311 |   373310 |  18.04219317137151 |
|   373503 |   373502 | 11.080583614483427 |
|   373502 |   373503 | 11.080583614483427 |
|   375678 |   375677 | 19.979047914552517 |
|   376858 |   376857 |  9.312802793873383 |
|   376857 |   376858 |  9.312802793873383 |
|   378279 |   378278 |  16.15622204459039 |
|   378278 |   378279 |  16.15622204459039 |
|   378472 |   378471 |  9.347770387589954 |
|   378471 |   378472 |  9.347770387589954 |
|   379330 |   379331 | 15.246135289784098 |
|   380048 |   380047 | 12.110392344562776 |
|   380047 |   380048 | 12.110392344562776 |
|   380148 |   380147 | 15.262663172256554 |
|   381032 |   381031 |  6.941350350144127 |
|   381031 |   381032 |  6.941350350144127 |
|   381341 |   381340 | 13.606703316020614 |
|   382190 |   382189 | 18.847122618972676 |
|   383100 |   383099 | 15.734280871495189 |
|   384518 |   384517 | 10.730189750635422 |
|   384517 |   384518 | 10.730189750635422 |
|   385289 |   385288 |  22.10295100502106 |
|   385288 |   385289 |  22.10295100502106 |
|   385383 |   385382 |   14.7274096708202 |
|   385382 |   385383 |   14.7274096708202 |
|   386769 |   386768 | 17.201820470790878 |
|   386768 |   386769 | 17.201820470790878 |
|   387443 |   387444 | 19.236861457329454 |
|   388457 |   388456 |  13.36456864343613 |
|   391635 |   391634 |  20.76746495342604 |
|   392275 |   392274 |  13.52457323888963 |
|   392274 |   392275 |  13.52457323888963 |
|   393878 |   393877 | 14.564320468004304 |
|   393877 |   393878 | 14.564320468004304 |
|   394956 |   394955 | 14.879376483375891 |
|   394955 |   394956 | 14.879376483375891 |
|   394989 |   394988 | 16.088251048722757 |
|   395026 |   395027 | 17.705894878609467 |
|   395975 |   395974 | 23.323910234477953 |
|   399023 |   399022 |  9.396191648127266 |
|   399022 |   399023 |  9.396191648127266 |
|   399597 |   399596 | 12.988822437283456 |
|   399972 |   399971 | 15.391306294693237 |
|   400137 |   400136 |  15.46052461001024 |
|   400136 |   400137 |  15.46052461001024 |
|   401056 |   401055 | 18.438588353900272 |
|   401252 |   401251 | 16.140820641569047 |
|   401251 |   401252 | 16.140820641569047 |
|   402061 |   402060 | 19.205683276665816 |
|   402264 |   402263 |  21.64181916457249 |
|   402263 |   402264 |  21.64181916457249 |
|   404780 |   404779 | 11.242697840201972 |
|   404779 |   404780 | 11.242697840201972 |
|   404851 |   404850 | 17.035801111120744 |
|   406231 |   406229 |  11.10326761188497 |
|   406229 |   406231 |  11.10326761188497 |
|   408842 |   408841 |  9.030234527888236 |
|   408841 |   408842 |  9.030234527888236 |
|   408892 |   408891 | 14.027306358401232 |
|   409921 |   409920 | 17.782057075294023 |
|   409920 |   409921 | 17.782057075294023 |
|   410448 |   410449 |   21.4450242407287 |
|   410664 |   410663 | 13.102673044242566 |
|   410663 |   410664 | 13.102673044242566 |
|   410944 |   410943 | 12.857777336360861 |
|   410943 |   410944 | 12.857777336360861 |
|   411297 |   411296 | 10.358086480152386 |
|   411296 |   411297 | 10.358086480152386 |
|   413607 |   413606 |  9.807933899877293 |
|   413606 |   413607 |  9.807933899877293 |
|   415656 |   415655 |   18.1574640066177 |
|   416450 |   416449 |  10.54062251106666 |
|   416449 |   416450 |  10.54062251106666 |
|   416684 |   416683 | 23.115179285032944 |
|   419284 |   419285 |  17.21181893413715 |
|   419300 |   419299 | 17.998088301183017 |
|   419420 |   419419 |  8.417240216455415 |
|   419419 |   419420 |  8.417240216455415 |
|   420355 |   420354 |   10.5647561200347 |
|   420354 |   420355 |   10.5647561200347 |
|   422849 |   422848 | 13.218284743600636 |
|   422848 |   422849 | 13.218284743600636 |
|   422870 |   422869 |  15.87726956741501 |
|   422920 |   422919 | 20.936341796340436 |
|   422949 |   422948 | 14.264586806337585 |
|   423817 |   423816 | 14.036300130154867 |
|   423816 |   423817 | 14.036300130154867 |
|   424123 |   424122 | 10.905108978051175 |
|   424122 |   424123 | 10.905108978051175 |
|   425488 |   425487 | 19.990761195227158 |
|   425487 |   425488 | 19.990761195227158 |
|   426060 |   426059 | 10.280089379393067 |
|   426059 |   426060 | 10.280089379393067 |
|   427005 |   427004 | 16.445396583678704 |
|   427004 |   427005 | 16.445396583678704 |
|   427334 |   427333 | 15.179191069920286 |
|   427333 |   427334 | 15.179191069920286 |
|   427337 |   427336 |  20.66211393594083 |
|   427336 |   427337 |  20.66211393594083 |
|   428811 |   428810 | 13.917233724721855 |
|   428810 |   428811 | 13.917233724721855 |
|   429922 |   429921 |    6.5993737178408 |
|   429925 |   429924 | 14.156965537888986 |
|   431313 |   431312 |  16.63105491270113 |
|   431722 |   431721 |  7.707498207884453 |
|   432785 |   432784 |  9.832966636158927 |
|   432784 |   432785 |  9.832966636158927 |
|   433153 |   433152 | 13.360224607567261 |
|   433152 |   433153 | 13.360224607567261 |
|   433236 |   433235 | 12.634278064902833 |
|   433235 |   433236 | 12.634278064902833 |
|   433638 |   433637 |  22.34082030082763 |
|   433688 |   433689 | 18.653774962814175 |
|   435178 |   435177 | 11.713369579646207 |
|   435177 |   435178 | 11.713369579646207 |
|   435235 |   435234 |  7.136331728227598 |
|   435333 |   435332 | 14.481174103480777 |
|   435332 |   435333 | 14.481174103480777 |
|   436029 |   436028 |   7.94929004421646 |
|   436028 |   436029 |   7.94929004421646 |
|   436036 |   436035 |  16.03224194856557 |
|   437867 |   437868 | 12.349799796976718 |
|   438083 |   438082 |  11.68290482035995 |
|   438082 |   438083 |  11.68290482035995 |
|   438085 |   438084 |  11.80253814402838 |
|   438084 |   438085 |  11.80253814402838 |
|   438842 |   438841 | 14.365739387728588 |
|   438841 |   438842 | 14.365739387728588 |
|   439670 |   439669 |   13.9295583289569 |
|   439669 |   439670 |   13.9295583289569 |
|   439912 |   439911 | 21.284176824507814 |
|   439911 |   439912 | 21.284176824507814 |
|   440825 |   440824 | 14.175390226081673 |
|   440824 |   440825 | 14.175390226081673 |
|   441114 |   441113 | 15.944033279392169 |
|   441113 |   441114 | 15.944033279392169 |
|   442754 |   442753 |  8.577490957292751 |
|   442753 |   442754 |  8.577490957292751 |
|   443491 |   443490 | 14.423744607714616 |
|   444802 |   444801 |  8.583836281880103 |
|   444801 |   444802 |  8.583836281880103 |
|   446867 |   446866 | 11.970430466112099 |
|   447863 |   447862 | 11.015252298617636 |
|   448496 |   448495 |  9.163654228560798 |
|   448495 |   448496 |  9.163654228560798 |
|   449947 |   449946 | 11.171884129260407 |
|   449946 |   449947 | 11.171884129260407 |
|   451358 |   451357 |  21.02755991264606 |
|   451515 |   451516 |  16.63984865786459 |
|   451650 |   451649 |  18.01890582932907 |
|   451649 |   451650 |  18.01890582932907 |
|   453226 |   453227 | 15.269769271616374 |
|   453444 |   453443 | 11.613015360479736 |
|   453516 |   453515 | 17.979321055939202 |
|   453515 |   453516 | 17.979321055939202 |
|   454954 |   454953 | 10.824674147611399 |
|   454953 |   454954 | 10.824674147611399 |
|   455517 |   455516 | 10.012270421625333 |
|   455516 |   455517 | 10.012270421625333 |
|   455522 |   455521 |  18.81751259530311 |
|   455605 |   455606 | 15.609259666228906 |
|   456370 |   456369 |  18.07643823700475 |
|   456369 |   456370 |  18.07643823700475 |
|   456583 |   456582 | 20.081070984875197 |
|   456687 |   456686 |  20.62832640037193 |
|   457054 |   457053 |  8.812797714887665 |
|   457053 |   457054 |  8.812797714887665 |
|   458210 |   458209 |  9.728576873826968 |
|   458209 |   458210 |  9.728576873826968 |
|   458289 |   458288 | 11.073869735358093 |
|   458288 |   458289 | 11.073869735358093 |
|   458353 |   458352 | 18.147253077698704 |
|   458354 |   458352 | 12.143159780956674 |
|   458352 |   458353 | 18.147253077698704 |
|   458354 |   458353 | 16.986873651202078 |
|   458352 |   458354 | 12.143159780956674 |
|   458353 |   458354 | 16.986873651202078 |
|   458391 |   458390 | 13.408461613396584 |
|   458390 |   458391 | 13.408461613396584 |
|   459106 |   459107 | 22.485992167373716 |
|   459496 |   459495 |  8.924159504913275 |
|   459495 |   459496 |  8.924159504913275 |
|   459920 |   459919 | 19.167719832973646 |
|   459919 |   459920 | 19.167719832973646 |
|   460559 |   460558 | 10.824720296731591 |
|   461397 |   461396 | 19.354310019305764 |
|   461805 |   461804 | 18.006306968030813 |
|   461813 |   461814 | 16.481372981961815 |
|   462816 |   462815 |  13.40884689597074 |
|   463474 |   463473 | 17.209895091582137 |
|   463983 |   463982 | 13.491201603983226 |
|   463982 |   463983 | 13.491201603983226 |
|   466199 |   466200 | 14.055370545872453 |
|   468210 |   468209 |  12.95975285503102 |
|   469191 |   469190 |  8.528567343877265 |
|   469190 |   469191 |  8.528567343877265 |
|   470161 |   470160 | 12.594437055091772 |
|   471917 |   471916 | 19.586041004487914 |
|   471916 |   471917 | 19.586041004487914 |
|   475276 |   475275 |  11.56850037850559 |
|   475275 |   475276 |  11.56850037850559 |
|   475630 |   475629 | 12.034385086903274 |
|   475629 |   475630 | 12.034385086903274 |
|   475764 |   475763 | 21.823403756159216 |
|   475841 |   475842 | 17.361181612718337 |
|   477467 |   477468 | 20.386290842313937 |
|   477467 |   477469 | 13.558005573787927 |
|   477618 |   477617 |  9.602116273161514 |
|   478353 |   478352 | 14.696172386425923 |
|   478352 |   478353 | 14.696172386425923 |
|   478949 |   478948 | 16.033616524097553 |
|   478948 |   478949 | 16.033616524097553 |
|   479754 |   479753 |  16.42833850735845 |
|   479847 |   479846 | 10.392332916327819 |
|   479846 |   479847 | 10.392332916327819 |
|   480371 |   480370 | 13.848802576247817 |
|   480494 |   480495 |  17.68445044909839 |
|   481376 |   481375 | 16.678618584448717 |
|   481375 |   481376 | 16.678618584448717 |
|   484514 |   484513 |  8.316688541093606 |
|   484513 |   484514 |  8.316688541093606 |
|   484665 |   484664 | 12.499508238782658 |
|   484941 |   484940 | 10.127462624044433 |
|   484940 |   484941 | 10.127462624044433 |
|   485452 |   485451 | 12.607771112973841 |
|   485688 |   485687 |  17.22479341812856 |
|   486108 |   486107 | 14.651251867143424 |
|   486294 |   486293 | 11.479832876002305 |
|   486811 |   486810 | 14.308117256124547 |
|   486817 |   486816 | 21.084083127898797 |
|   487201 |   487200 |  7.987410702639037 |
|   487200 |   487201 |  7.987410702639037 |
|   487393 |   487392 | 16.073214982474337 |
|   487392 |   487393 | 16.073214982474337 |
|   489277 |   489276 | 13.460722593339922 |
|   489878 |   489877 | 11.900336681001411 |
|   490273 |   490272 | 13.051217755400573 |
|   490551 |   490550 |  12.44833488202404 |
|   490550 |   490551 |  12.44833488202404 |
|   491330 |   491329 |  7.997216561177699 |
|   491329 |   491330 |  7.997216561177699 |
|   491589 |   491588 | 15.586454656931583 |
|   491588 |   491589 | 15.586454656931583 |
|   491661 |   491660 | 15.738777064899542 |
|   491754 |   491753 | 10.947872531999003 |
|   491753 |   491754 | 10.947872531999003 |
|   492041 |   492040 | 11.750041633277709 |
|   492040 |   492041 | 11.750041633277709 |
|   493689 |   493688 | 14.797304386435297 |
|   493688 |   493689 | 14.797304386435297 |
|   494051 |   494050 |  8.524180226959594 |
|   494050 |   494051 |  8.524180226959594 |
|   494470 |   494469 | 20.646856837079174 |
|   494778 |   494777 | 17.921761503770668 |
|   494777 |   494778 | 17.921761503770668 |
|   495062 |   495061 |  9.495097331475817 |
|   498227 |   498226 | 15.585300653516166 |
|   498226 |   498227 | 15.585300653516166 |
|   498672 |   498673 |   15.0699615150358 |
|   499314 |   499313 | 10.685561481189385 |
|   499436 |   499435 | 11.676275142664661 |
|   499435 |   499436 | 11.676275142664661 |
|   500005 |   500004 | 15.463347699824576 |
|   500004 |   500005 | 15.463347699824576 |
|   500663 |   500662 |   16.6465390858338 |
|   500762 |   500761 | 13.028442753956387 |
|   502761 |   502762 |  18.78897205586782 |
|   503520 |   503521 | 17.427786043272857 |
|   503552 |   503551 | 15.113481631106648 |
|   504570 |   504569 | 17.525744558841883 |
|   508797 |   508798 | 20.934515143633767 |
|   509316 |   509315 |  14.27828109954465 |
|   509315 |   509316 |  14.27828109954465 |
|   509800 |   509799 |  9.027365256147815 |
|   509799 |   509800 |  9.027365256147815 |
|   510255 |   510256 | 22.222433427379865 |
|   510323 |   510322 | 11.103645115938564 |
|   510485 |   510484 |  9.672738479702321 |
|   510484 |   510485 |  9.672738479702321 |
|   511404 |   511403 |  16.14611819555627 |
|   511403 |   511404 |  16.14611819555627 |
|   512038 |   512037 |  15.71207687257537 |
|   512301 |   512300 | 14.416747166376357 |
|   512367 |   512366 | 13.103033828804824 |
|   512366 |   512367 | 13.103033828804824 |
|   512421 |   512420 | 11.801316420137498 |
|   512420 |   512421 | 11.801316420137498 |
|   513011 |   513012 | 14.684311240721057 |
|   514383 |   514382 | 16.164023797093513 |
|   514382 |   514383 | 16.164023797093513 |
|   517034 |   517033 |  9.173658598839417 |
|   518547 |   518546 | 14.847796757852919 |
|   519048 |   519047 |  8.520132611875532 |
|   519047 |   519048 |  8.520132611875532 |
|   520616 |   520615 |  20.92393119857484 |
|   520709 |   520708 | 14.500160253909414 |
|   521084 |   521083 |  24.67350955994393 |
